SUMLEV	GEOID	GEOCODE	NAME	BASENAME	total_population_p001	white	black	american_indian	asian	pacific_islander	other	two_or_more	total_population_p002	hispanic	not_hispanic	housing_units_total	housing_units_occupied	housing_units_vacant
050	0500000US51001	51001	Accomack County	Accomack	33413	20261	8670	297	255	4	2168	1758	33413	3430	29983	21703	14302	7401
050	0500000US51003	51003	Albemarle County	Albemarle	112395	81866	9953	286	8222	50	4101	7917	112395	8453	103942	47291	43468	3823
050	0500000US51005	51005	Alleghany County	Alleghany	15223	13813	681	27	61	7	58	576	15223	178	15045	7934	6699	1235
050	0500000US51007	51007	Amelia County	Amelia	13265	9780	2555	39	65	0	194	632	13265	425	12840	5704	5206	498
050	0500000US51009	51009	Amherst County	Amherst	31307	23190	5400	251	182	27	427	1830	31307	838	30469	14232	12746	1486
050	0500000US51011	51011	Appomattox County	Appomattox	16119	12258	2894	51	46	7	173	690	16119	344	15775	7301	6470	831
050	0500000US51013	51013	Arlington County	Arlington	238643	145293	20875	1565	27443	141	17448	25878	238643	37362	201281	119085	109912	9173
050	0500000US51015	51015	Augusta County	Augusta	77487	69142	3116	185	467	31	1103	3443	77487	2728	74759	32590	30233	2357
050	0500000US51017	51017	Bath County	Bath	4209	3855	116	6	17	2	19	194	4209	73	4136	3239	1891	1348
050	0500000US51019	51019	Bedford County	Bedford	79462	68743	4925	211	970	37	785	3791	79462	2055	77407	37249	32486	4763
050	0500000US51021	51021	Bland County	Bland	6270	5874	169	0	6	0	7	214	6270	60	6210	3200	2505	695
050	0500000US51023	51023	Botetourt County	Botetourt	33596	30689	918	70	234	3	351	1331	33596	776	32820	14888	13498	1390
050	0500000US51025	51025	Brunswick County	Brunswick	15849	6553	8607	23	44	5	214	403	15849	387	15462	7893	6191	1702
050	0500000US51027	51027	Buchanan County	Buchanan	20355	19299	618	15	51	4	20	348	20355	177	20178	10323	8483	1840
050	0500000US51029	51029	Buckingham County	Buckingham	16824	10488	5435	51	59	7	139	645	16824	413	16411	7133	5991	1142
050	0500000US51031	51031	Campbell County	Campbell	55696	43320	7832	192	604	15	928	2805	55696	1815	53881	25060	22955	2105
050	0500000US51033	51033	Caroline County	Caroline	30887	19215	7721	166	296	15	1072	2402	30887	1968	28919	12415	11446	969
050	0500000US51035	51035	Carroll County	Carroll	29155	27255	169	53	80	3	533	1062	29155	1042	28113	16579	12744	3835
050	0500000US51036	51036	Charles City County	Charles City	6773	3028	2836	448	38	6	75	342	6773	101	6672	3245	2966	279
050	0500000US51037	51037	Charlotte County	Charlotte	11529	7717	3140	22	31	6	168	445	11529	253	11276	5956	4899	1057
050	0500000US51041	51041	Chesterfield County	Chesterfield	364548	216290	83107	1589	13185	246	23175	26956	364548	40236	324312	138691	133482	5209
050	0500000US51043	51043	Clarke County	Clarke	14783	12481	578	51	212	15	439	1007	14783	887	13896	6371	5847	524
050	0500000US51045	51045	Craig County	Craig	4892	4653	13	5	11	3	22	185	4892	53	4839	2584	2111	473
050	0500000US51047	51047	Culpeper County	Culpeper	52552	36092	6567	365	776	23	4042	4687	52552	7509	45043	19185	18181	1004
050	0500000US51049	51049	Cumberland County	Cumberland	9675	6165	2831	43	38	8	129	461	9675	241	9434	4636	4041	595
050	0500000US51051	51051	Dickenson County	Dickenson	14124	13728	49	23	19	2	13	290	14124	83	14041	7344	6054	1290
050	0500000US51053	51053	Dinwiddie County	Dinwiddie	27947	17516	8177	125	126	3	636	1364	27947	1128	26819	11803	10925	878
050	0500000US51057	51057	Essex County	Essex	10599	5952	3775	83	62	3	176	548	10599	369	10230	5742	4572	1170
050	0500000US51059	51059	Fairfax County	Fairfax	1150309	569013	110889	6500	235050	873	98434	129550	1150309	199234	951075	427149	411055	16094
050	0500000US51061	51061	Fauquier County	Fauquier	72972	56660	5091	312	1229	51	3172	6457	72972	7793	65179	28249	26400	1849
050	0500000US51063	51063	Floyd County	Floyd	15476	14219	244	20	51	0	251	691	15476	487	14989	7924	6639	1285
050	0500000US51065	51065	Fluvanna County	Fluvanna	27249	21023	3730	79	222	7	436	1752	27249	1107	26142	11127	10280	847
050	0500000US51067	51067	Franklin County	Franklin	54477	46702	3921	147	307	27	942	2431	54477	1955	52522	28131	22683	5448
050	0500000US51069	51069	Frederick County	Frederick	91419	73524	3718	315	1681	41	4815	7325	91419	9990	81429	35827	34073	1754
050	0500000US51071	51071	Giles County	Giles	16787	15777	244	34	71	0	64	597	16787	244	16543	8285	7107	1178
050	0500000US51073	51073	Gloucester County	Gloucester	38711	32396	2753	153	318	25	396	2670	38711	1410	37301	17049	15484	1565
050	0500000US51075	51075	Goochland County	Goochland	24727	19302	3267	75	494	3	383	1203	24727	862	23865	10550	9780	770
050	0500000US51077	51077	Grayson County	Grayson	15333	13558	904	32	24	2	247	566	15333	596	14737	8924	6512	2412
050	0500000US51079	51079	Greene County	Greene	20552	16520	1447	33	457	6	694	1395	20552	1330	19222	8464	7760	704
050	0500000US51081	51081	Greensville County	Greensville	11391	4364	6657	30	33	0	49	258	11391	276	11115	4001	3442	559
050	0500000US51083	51083	Halifax County	Halifax	34022	20420	11791	77	218	6	440	1070	34022	760	33262	17275	14698	2577
050	0500000US51085	51085	Hanover County	Hanover	109979	89742	9808	399	2035	33	1708	6254	109979	3938	106041	43184	41417	1767
050	0500000US51087	51087	Henrico County	Henrico	334389	170651	97568	1338	32296	154	11081	21301	334389	22085	312304	140739	134234	6505
050	0500000US51089	51089	Henry County	Henry	50948	35040	11160	165	292	14	1628	2649	50948	3301	47647	25422	22199	3223
050	0500000US51091	51091	Highland County	Highland	2232	2135	2	3	6	1	12	73	2232	35	2197	1787	1063	724
050	0500000US51093	51093	Isle of Wight County	Isle of Wight	38606	26721	8660	166	405	32	468	2154	38606	1199	37407	16441	15268	1173
050	0500000US51095	51095	James City County	James City	78254	57710	10028	275	2269	52	2042	5878	78254	5199	73055	33993	31627	2366
050	0500000US51097	51097	King and Queen County	King and Queen	6608	4490	1571	90	23	3	91	340	6608	182	6426	3454	2884	570
050	0500000US51099	51099	King George County	King George	26723	19121	3983	190	417	15	512	2485	26723	1582	25141	10322	9548	774
050	0500000US51101	51101	King William County	King William	17810	13636	2601	288	129	11	234	911	17810	476	17334	7402	6914	488
050	0500000US51103	51103	Lancaster County	Lancaster	10919	7467	2951	24	77	1	60	339	10919	125	10794	7448	5211	2237
050	0500000US51105	51105	Lee County	Lee	22173	20531	885	71	39	0	81	566	22173	476	21697	10835	9067	1768
050	0500000US51107	51107	Loudoun County	Loudoun	420959	225974	30568	1582	89779	263	28136	44657	420959	59744	361215	142074	137442	4632
050	0500000US51109	51109	Louisa County	Louisa	37596	28813	5408	158	257	18	598	2344	37596	1365	36231	17489	14921	2568
050	0500000US51111	51111	Lunenburg County	Lunenburg	11936	7095	3805	35	26	6	347	622	11936	589	11347	5868	4758	1110
050	0500000US51113	51113	Madison County	Madison	13837	11684	1065	16	90	1	210	771	13837	441	13396	6051	5317	734
050	0500000US51115	51115	Mathews County	Mathews	8533	7295	660	17	52	15	65	429	8533	197	8336	5455	3762	1693
050	0500000US51117	51117	Mecklenburg County	Mecklenburg	30319	18032	10435	75	205	0	495	1077	30319	821	29498	19004	13236	5768
050	0500000US51119	51119	Middlesex County	Middlesex	10625	8411	1523	33	28	3	107	520	10625	259	10366	7100	4751	2349
050	0500000US51121	51121	Montgomery County	Montgomery	99721	79436	4165	207	8347	52	1632	5882	99721	4651	95070	41134	38026	3108
050	0500000US51125	51125	Nelson County	Nelson	14775	12021	1538	56	67	3	365	725	14775	663	14112	9871	6466	3405
050	0500000US51127	51127	New Kent County	New Kent	22945	18017	2739	247	223	8	288	1423	22945	731	22214	9059	8580	479
050	0500000US51131	51131	Northampton County	Northampton	12282	7071	3785	85	82	8	549	702	12282	1068	11214	7373	5457	1916
050	0500000US51133	51133	Northumberland County	Northumberland	11839	8366	2690	29	69	0	195	490	11839	351	11488	8947	5573	3374
050	0500000US51135	51135	Nottoway County	Nottoway	15642	8625	5813	85	64	3	343	709	15642	773	14869	6629	5645	984
050	0500000US51137	51137	Orange County	Orange	36254	27877	4364	192	324	19	849	2629	36254	2171	34083	15671	14190	1481
050	0500000US51139	51139	Page County	Page	23709	22037	439	51	120	8	160	894	23709	497	23212	11751	9866	1885
050	0500000US51141	51141	Patrick County	Patrick	17608	15719	840	36	43	3	327	640	17608	567	17041	9994	7839	2155
050	0500000US51143	51143	Pittsylvania County	Pittsylvania	60501	44672	12417	169	292	22	800	2129	60501	1712	58789	29369	25315	4054
050	0500000US51145	51145	Powhatan County	Powhatan	30333	25732	2505	64	169	24	268	1571	30333	792	29541	11591	11055	536
050	0500000US51147	51147	Prince Edward County	Prince Edward	21849	10662	9269	36	197	1	741	943	21849	1088	20761	9087	7662	1425
050	0500000US51149	51149	Prince George County	Prince George	43010	23827	12968	276	862	144	1891	3042	43010	4344	38666	13378	12579	799
050	0500000US51153	51153	Prince William County	Prince William	482204	200831	97457	3565	50314	600	66345	63092	482204	121524	360680	158525	153745	4780
050	0500000US51155	51155	Pulaski County	Pulaski	33800	29922	1658	69	184	3	336	1628	33800	704	33096	16990	14523	2467
050	0500000US51157	51157	Rappahannock County	Rappahannock	7348	6521	200	18	63	3	101	442	7348	289	7059	3826	3202	624
050	0500000US51159	51159	Richmond County	Richmond	8923	5739	2439	16	42	0	274	413	8923	597	8326	3932	3173	759
050	0500000US51161	51161	Roanoke County	Roanoke	96929	80780	5764	243	3462	24	1490	5166	96929	3507	93422	42147	39777	2370
050	0500000US51163	51163	Rockbridge County	Rockbridge	22650	20483	575	94	187	9	261	1041	22650	513	22137	11261	9602	1659
050	0500000US51165	51165	Rockingham County	Rockingham	83757	72656	1886	291	928	20	3346	4630	83757	7093	76664	35436	32013	3423
050	0500000US51167	51167	Russell County	Russell	25781	24835	229	19	42	1	68	587	25781	168	25613	12754	11063	1691
050	0500000US51169	51169	Scott County	Scott	21576	20617	134	31	28	4	63	699	21576	255	21321	11765	9254	2511
050	0500000US51171	51171	Shenandoah County	Shenandoah	44186	38166	1087	198	348	8	1715	2664	44186	3726	40460	21136	18008	3128
050	0500000US51173	51173	Smyth County	Smyth	29800	27939	430	40	104	1	239	1047	29800	558	29242	15097	12819	2278
050	0500000US51175	51175	Southampton County	Southampton	17996	11080	5924	67	70	20	116	719	17996	332	17664	7724	6801	923
050	0500000US51177	51177	Spotsylvania County	Spotsylvania	140032	90227	22933	675	3978	127	8194	13898	140032	16654	123378	52250	48958	3292
050	0500000US51179	51179	Stafford County	Stafford	156927	90269	30400	1161	6251	266	9407	19173	156927	23646	133281	52793	50869	1924
050	0500000US51181	51181	Surry County	Surry	6561	3483	2694	19	14	10	54	287	6561	149	6412	3402	2787	615
050	0500000US51183	51183	Sussex County	Sussex	10829	4501	5781	18	12	11	93	413	10829	306	10523	4636	3878	758
050	0500000US51185	51185	Tazewell County	Tazewell	40429	37528	967	59	215	15	193	1452	40429	507	39922	19814	16966	2848
050	0500000US51187	51187	Warren County	Warren	40727	34386	1754	185	472	15	1022	2893	40727	2413	38314	16739	15322	1417
050	0500000US51191	51191	Washington County	Washington	53935	50639	662	106	337	1	348	1842	53935	891	53044	25424	22616	2808
050	0500000US51193	51193	Westmoreland County	Westmoreland	18477	11941	4491	78	148	11	596	1212	18477	1049	17428	11129	8037	3092
050	0500000US51195	51195	Wise County	Wise	36130	32789	1802	55	153	11	181	1139	36130	452	35678	16644	14367	2277
050	0500000US51197	51197	Wythe County	Wythe	28290	26165	707	61	118	2	159	1078	28290	355	27935	13990	12281	1709
050	0500000US51199	51199	York County	York	70045	48251	8930	258	4297	140	1482	6687	70045	5136	64909	27827	25873	1954
050	0500000US51510	51510	Alexandria city	Alexandria	159467	82185	31903	1004	11354	94	15750	17177	159467	29372	130095	80479	75555	4924
050	0500000US51520	51520	Bristol city	Bristol	17219	14754	1051	57	162	4	103	1088	17219	455	16764	8670	7721	949
050	0500000US51530	51530	Buena Vista city	Buena Vista	6641	5740	289	49	29	24	63	447	6641	229	6412	2948	2599	349
050	0500000US51540	51540	Charlottesville city	Charlottesville	46553	30344	7122	164	4083	22	1235	3583	46553	3207	43346	21413	19769	1644
050	0500000US51550	51550	Chesapeake city	Chesapeake	249422	139573	72268	1174	9057	377	6807	20166	249422	17824	231598	94829	91162	3667
050	0500000US51570	51570	Colonial Heights city	Colonial Heights	18170	12652	2915	42	579	13	542	1427	18170	1276	16894	8147	7633	514
050	0500000US51580	51580	Covington city	Covington	5737	4585	718	23	32	5	72	302	5737	179	5558	3052	2576	476
050	0500000US51590	51590	Danville city	Danville	42590	17262	21879	186	514	1	1124	1624	42590	2074	40516	22259	19015	3244
050	0500000US51595	51595	Emporia city	Emporia	5766	1544	3655	23	53	6	272	213	5766	345	5421	2647	2325	322
050	0500000US51600	51600	Fairfax city	Fairfax	24146	13473	1103	145	4537	10	2067	2811	24146	4278	19868	9330	8800	530
050	0500000US51610	51610	Falls Church city	Falls Church	14658	10221	576	32	1499	11	582	1737	14658	1529	13129	6172	5811	361
050	0500000US51620	51620	Franklin city	Franklin	8180	3008	4639	34	81	5	79	334	8180	218	7962	3886	3407	479
050	0500000US51630	51630	Fredericksburg city	Fredericksburg	27982	15872	6135	180	1334	30	1754	2677	27982	3472	24510	12175	11275	900
050	0500000US51640	51640	Galax city	Galax	6720	5233	367	33	52	1	626	408	6720	1061	5659	3156	2830	326
050	0500000US51650	51650	Hampton city	Hampton	137148	51202	67915	647	3568	241	3220	10355	137148	8411	128737	62444	57612	4832
050	0500000US51660	51660	Harrisonburg city	Harrisonburg	51814	33789	4218	297	2116	29	6029	5336	51814	12045	39769	18626	17413	1213
050	0500000US51670	51670	Hopewell city	Hopewell	23033	10141	9852	111	254	20	968	1687	23033	1889	21144	10409	9393	1016
050	0500000US51678	51678	Lexington city	Lexington	7320	6112	459	20	281	0	123	325	7320	335	6985	2617	2239	378
050	0500000US51680	51680	Lynchburg city	Lynchburg	79009	48502	21453	243	1766	41	2400	4604	79009	3880	75129	33832	30269	3563
050	0500000US51683	51683	Manassas city	Manassas	42772	16717	5124	536	2729	36	11975	5655	42772	18345	24427	14365	13983	382
050	0500000US51685	51685	Manassas Park city	Manassas Park	17219	5535	2136	174	1835	13	5263	2263	17219	7799	9420	5525	5381	144
050	0500000US51690	51690	Martinsville city	Martinsville	13485	5924	6094	50	116	4	535	762	13485	1025	12460	7053	5909	1144
050	0500000US51700	51700	Newport News city	Newport News	186247	74676	78687	940	6356	441	8892	16255	186247	19288	166959	81901	75630	6271
050	0500000US51710	51710	Norfolk city	Norfolk	238005	102841	95594	1328	9025	521	9445	19251	238005	23130	214875	101386	93447	7939
050	0500000US51720	51720	Norton city	Norton	3687	3242	180	8	27	1	38	191	3687	81	3606	1934	1678	256
050	0500000US51730	51730	Petersburg city	Petersburg	33458	5418	24811	141	339	32	1142	1575	33458	1970	31488	18013	15382	2631
050	0500000US51735	51735	Poquoson city	Poquoson	12460	11059	120	41	264	7	133	836	12460	463	11997	4926	4647	279
050	0500000US51740	51740	Portsmouth city	Portsmouth	97915	35892	52214	427	1285	141	1738	6218	97915	4413	93502	43164	39547	3617
050	0500000US51750	51750	Radford city	Radford	16070	12280	2182	40	217	6	488	857	16070	765	15305	6449	5789	660
050	0500000US51760	51760	Richmond city	Richmond	226610	98140	91653	898	6259	115	15441	14104	226610	23747	202863	111963	102359	9604
050	0500000US51770	51770	Roanoke city	Roanoke	100011	57309	27470	419	2479	54	4795	7485	100011	8484	91527	48726	44411	4315
050	0500000US51775	51775	Salem city	Salem	25346	20923	1949	48	541	9	503	1373	25346	1088	24258	11125	10242	883
050	0500000US51790	51790	Staunton city	Staunton	25750	20207	2935	84	323	12	466	1723	25750	1088	24662	12316	11374	942
050	0500000US51800	51800	Suffolk city	Suffolk	94324	44723	39701	343	1708	74	1645	6130	94324	4252	90072	38364	35555	2809
050	0500000US51810	51810	Virginia Beach city	Virginia Beach	459470	278956	85478	1894	34305	756	13959	44122	459470	40404	419066	190059	178353	11706
050	0500000US51820	51820	Waynesboro city	Waynesboro	22196	16562	2672	43	260	26	940	1693	22196	1945	20251	10268	9557	711
050	0500000US51830	51830	Williamsburg city	Williamsburg	15425	7572	5699	41	500	25	596	992	15425	1215	14210	5753	5143	610
050	0500000US51840	51840	Winchester city	Winchester	28120	18336	2865	255	711	16	3536	2401	28120	5494	22626	12372	11404	968
